index,date,type1,type2,type3
0,2004-08,,,1
1,2004-09,,,1
2,2005-03,,,13
3,2005-04,,,6
4,2005-05,,,1
5,2005-06,,,7
6,2005-07,,,14
7,2005-08,,2,27
8,2005-09,,3,26
9,2005-10,,,16
10,2005-11,,,18
11,2005-12,,,15
12,2006-01,,,16
13,2006-02,,,20
14,2006-03,,3,17
15,2006-04,,2,15
16,2006-05,,,22
17,2006-06,,,27
18,2006-07,,,16
19,2006-08,,,21
20,2006-09,,2,18
21,2006-10,,4,30
22,2006-11,,,20
23,2006-12,,,26
24,2007-01,,,30
25,2007-02,,,30
26,2007-03,,,33
27,2007-04,,,24
28,2007-05,,3,30
29,2007-06,,1,18
30,2007-07,,2,31
31,2007-08,,2,30
32,2007-09,,,21
33,2007-10,,1,25
34,2007-11,,,44
35,2007-12,7,,28
36,2008-01,10,,53
37,2008-02,13,2,39
38,2008-03,18,,47
39,2008-04,14,5,62
40,2008-05,5,,31
41,2008-06,7,1,48
42,2008-07,19,1,49
43,2008-08,9,2,42
44,2008-09,13,1,43
45,2008-10,13,,68
46,2008-11,17,2,71
47,2008-12,52,1,46
48,2009-01,16,,50
49,2009-02,12,,50
50,2009-03,1,2,59
51,2009-04,2,12,40
52,2009-05,4,1,46
53,2009-06,2,1,61
54,2009-07,47,3,34
55,2009-08,31,1,49
56,2009-09,24,1,45
57,2009-10,9,,48
58,2009-11,30,7,58
59,2009-12,44,1,57
60,2010-01,39,2,50
61,2010-02,10,7,50
62,2010-03,29,9,44
63,2010-04,10,2,53
64,2010-05,101,6,52
65,2010-06,12,2,59
66,2010-07,13,2,53
67,2010-08,83,1,57
68,2010-09,19,1,79
69,2010-10,29,2,43
70,2010-11,3,2,37
71,2010-12,2,4,49
72,2011-01,11,4,51
73,2011-02,9,1,49
74,2011-03,48,3,45
75,2011-04,11,1,47
76,2011-05,14,3,43
77,2011-06,19,5,34
78,2011-07,10,5,43
79,2011-08,45,8,38
80,2011-09,2,,17
81,2011-10,2,2,25
82,2011-11,50,,25
83,2011-12,20,2,16
84,2012-01,24,,37
85,2012-02,3,4,50
86,2012-03,2,5,42
87,2012-04,9,2,49
88,2012-05,3,,44
89,2012-06,9,8,54
90,2012-07,27,1,48
91,2012-08,106,17,37
92,2012-09,152,8,39
93,2012-10,65,5,43
94,2012-11,15,4,44
95,2012-12,7,2,49
96,2013-01,22,8,43
97,2013-02,6,18,29
98,2013-03,19,3,33
99,2013-04,4,5,50
100,2013-05,22,33,42
101,2013-06,6,12,57
102,2013-07,11,11,64
103,2013-08,44,7,64
104,2013-09,33,11,61
105,2013-10,33,22,47
106,2013-11,22,7,49
107,2013-12,35,17,51
108,2014-01,16,15,74
109,2014-02,11,14,53
110,2014-03,50,11,77
111,2014-04,10,12,54
112,2014-05,67,8,79
113,2014-06,24,7,50
114,2014-07,38,7,99
115,2014-08,103,9,54
116,2014-09,45,34,55
117,2014-10,63,9,52
118,2014-11,116,6,78
119,2014-12,66,6,40
120,2015-01,35,7,61
121,2015-02,130,17,42
122,2015-03,193,32,44
123,2015-04,86,6,34
124,2015-05,89,6,47
125,2015-06,180,10,50
126,2015-07,91,6,42
127,2015-08,109,11,35
128,2015-09,128,9,35
129,2015-10,74,26,46
130,2015-11,94,23,46
131,2015-12,88,9,47
132,2016-01,42,8,60
133,2016-02,150,24,47
134,2016-03,94,13,57
135,2016-04,37,15,47
136,2016-05,22,4,47
137,2016-06,24,5,35
138,2016-07,73,2,30
139,2016-08,12,3,18
140,2016-09,1,2,5
