# data description 
# name of the axis separated by tab followed by the data in [] which are separeted with comma , 
#  x	[v1,v2,v3]
# y1	[v1,v2,v3...]
# y2 	[v1,v2,v3...]
# y3 	[v1,v2,v3...]


x	['Automated Patches' , 'Semi-manual Patches', 'Manual Patches']
y1  [134000, 941760, 112406, 1427184, 205105, 4732533, 2046, 120521, 5417914, 1337252, 128270, 747719, 5077468, 3980340, 1618110, 128612, 88374, 5598, 25370, 4307484, 1744522, 1567206, 34713, 6262, 333693, 10988, 221628, 15, 5396, 7203, 3120356, 82566, 8652, 1136, 18, 4640, 7419552, 0, 59202, 2568, 65860, 17378790, 96152, 381, 688160, 4898880, 1261480, 959255, 47300, 10948, 8854, 51600, 26208, 73100, 730, 299820, 13779330, 6456, 2532, 2223000, 645806, 4772020, 1596, 3987020, 5669510, 5430, 15456, 936112, 6120714, 9900, 3119220, 4, 0, 11115, 76300, 3221025, 12429744, 409028, 201450, 15704, 10844128, 2289, 21540, 3, 455, 0, 4379, 14547, 8126, 804100, 290248, 5880, 8077, 7144, 119, 6522720, 10920, 117949, 239190, 233145, 991186, 2998000, 1525251, 868306, 30624, 97200, 55, 12412, 418, 57564, 26136, 1342056, 1342056, 720, 18, 0, 923076, 450296, 3480392, 35626, 1480, 1821822, 81650, 0, 1282644, 11520, 1404, 10904, 9217074, 87035, 6456990, 784, 77550, 6372288, 13815, 72357, 1555, 547084, 621432, 240180, 3666, 10496, 7657, 1422044, 304, 1959552, 1103090, 6914048, 1088065, 420224, 586838, 47616, 21120, 240, 79530, 440220, 113505, 4480, 32375, 3499529, 304623, 829157, 3132, 97092, 510300, 1770500, 6338133, 24576, 279, 5229, 1229039, 400894, 676178, 159393, 729517, 150864, 1627593, 70266, 9159, 3217288, 1130548, 316103, 560111, 2716362, 2917314, 10496, 4353968, 2440350, 19992, 542784, 221350, 450110, 494760, 2925318, 1700, 9793465, 151008, 21240, 2371007, 184140, 20988, 11072, 682864, 17535, 354144, 0, 12849840, 261590, 1456, 510708, 2684664]
y2	[6262, 0, 1959552, 185, 1452, 26136, 212135, 0, 7203, 5396, 26208, 398088, 2, 25370, 14647, 9558, 57564, 1285, 204, 98310, 0, 424194, 0, 0, 0, 537655, 40, 0, 0, 0, 1401225, 15456, 0, 21540, 14547, 6369, 4867, 540, 119, 1092, 0, 252, 0, 3526, 59202, 168, 7144, 0, 1820, 0, 4281858, 17112, 1143, 285993, 12, 80, 35739, 35626, 350, 1259810, 0, 0, 0, 6, 10032, 5742, 3976, 21120, 547084, 170, 0, 0, 0, 0, 8595, 68, 21, 316652, 522000, 101061, 284479, 1224, 57, 32103540, 0, 1750, 0, 12429744, 4412485, 0, 30, 0, 0, 90, 0, 0, 3104296, 8734806, 494760, 2978466, 7419552, 1596, 700640, 23863, 110475, 42252, 1342056, 45117, 9174, 450110, 1214455, 17187, 1103090, 1764698, 931104, 406814, 5015952, 527520, 676178, 3238208, 82260, 2464800, 1614592, 1890, 1926372, 1358496, 0, 5077468, 1211904, 518008, 933980, 1739814, 2317238, 1809180, 25738, 2175536, 261590, 16940, 3217288, 20940, 428644, 589800, 1253665, 0, 5274, 784, 0, 6702592, 0, 7890066, 3577, 29580, 523404, 12818, 3, 450296, 5566, 542784, 937271, 9217074, 2289, 789572, 1096, 19304, 490, 4125, 2020025, 5019, 246, 0, 97200, 7274239, 90, 34340, 1328202, 101920, 1882650, 37245, 3980340, 475894, 2073940, 9793465, 5450, 15519660, 673620, 11492730, 815634, 7096859, 462903, 11647266, 1408214, 6456990, 803264, 3041532, 992530, 5612594, 6522720, 2816720, 1755]
y3	[7152, 4898880, 2464800, 5077468, 22368, 5015952, 3923700, 884457, 7494690, 1413404, 9045004, 1718914, 484, 19757210, 592, 7500, 150640, 2959902, 24228, 560900, 182642, 247538, 37500, 351384, 483170, 111132, 16075350, 909793, 2507280, 7274239, 0, 48735, 99063, 973271, 37062, 0, 4772020, 30840, 76114, 934572, 0, 264940, 1870233, 9804, 7942, 4527, 10392, 457776, 892665, 902205, 62548, 16905, 6372288, 3944925, 0, 2672439, 409028, 4448832, 27339, 465465, 735034, 128612, 1408214, 26928, 5460, 9793465, 0, 424194, 542784, 19257, 3140632, 608580, 1739814, 5745, 27459, 1723153, 3502380, 41517, 594828, 2072, 841620, 4746234, 51744, 630, 2925318, 29939, 0, 333693, 908250, 1089, 17378790, 260286, 3987020, 681928, 2292822, 0, 911641, 67706, 596, 13890, 6456990, 1320136, 473925, 4565, 1040050, 0, 19251, 3630, 611064, 3221025, 9520, 11033924, 4331290, 3718816, 595, 4353968, 880755, 0, 0, 1040402, 494760, 254826, 1261480, 0, 0, 75990, 613368, 7384936, 917828, 0, 230392, 9694135, 992530, 406, 6885, 1103090, 1358496, 201450, 14580208, 700640, 708531, 110110, 11284, 400894, 2970, 13737, 2448, 800156, 0, 547084, 0, 10140, 96, 1844, 0, 4664992, 714488, 6150, 974, 40337, 0, 3908898, 106932, 175980, 989086, 0, 280982, 24, 0, 2234232, 0, 1799, 2665296, 5612594, 1337252, 1113321, 598, 52380, 628, 470979, 239190, 585, 680162, 936112, 13779330, 66270, 4869123, 3041532, 30510, 31698, 0, 0, 3240, 55119, 1020024, 1492956, 301924, 1566380, 69863, 0, 61335, 214642, 4911759, 8610192, 11310, 672, 677073, 144560, 11647266, 111720, 5944, 3522280, 398079, 53880, 377142, 4532059, 286759, 14213024, 0, 1159, 0, 444, 642430, 0, 26172, 1282644, 3328, 22491, 67242, 1342056, 67074, 1848, 0, 4150342, 199288, 110107, 166068, 0, 62942, 1344, 318681, 17172, 6840, 22596, 75140, 0, 0, 0, 0, 243687, 89082, 0, 0, 174720, 7890066, 1436532, 1366092, 165876, 0, 1919732, 5182031, 2680, 0, 135256, 32472, 0, 6914048, 143290, 1127808, 2319504, 12429744, 20254, 909597, 6220585, 39176, 0, 4289725, 590898, 2305993, 1130548, 75456, 5540, 0, 2170476, 176352, 7560, 137343, 0, 565444, 136290, 539068, 11628, 1553212, 8288, 25690, 464476, 1422044, 185185, 2978466, 0, 24582, 289432, 6945, 10825, 1165155, 4367, 539728, 1770500, 702280, 103995, 0, 418605, 691050, 0, 6899452, 4480, 128996, 0, 1354, 0, 0, 388437, 69801, 18459, 0, 900350, 0, 0, 23925, 1254864, 1234252, 620, 952471, 1280790, 2952006, 0, 0, 41724, 3663, 162400, 4063200, 11436, 12849840, 2917314, 0, 120, 8925, 5127511, 4886, 0, 1243720, 2591680, 856908, 384810, 0, 0, 0, 0, 480530, 236128, 2265660, 26152, 331154, 434, 2011185, 390445, 0, 57340, 155502, 17112, 127260, 77550, 23375, 34080, 3135, 5375910, 120822, 6204, 31688, 193242, 2223328, 1098721, 16315, 8505, 900, 1882650, 134090, 5624, 2754, 923076, 61840, 1998909, 162345, 228800, 3172416, 6538, 7096859, 760921, 402, 21528, 1211904, 32741, 148057, 0, 214522, 98080, 28402, 56, 175900, 0, 2382, 1051512, 0, 240120, 675, 0, 1085586, 929475, 67562, 59640, 944756, 243450, 14812, 42, 1172262, 0, 150864, 2778, 33632, 9747, 108833, 6321, 0, 2438184, 167851, 352, 342, 451814, 2667112, 1821822, 0, 7860, 3144, 0, 804440, 0, 11460, 121809, 396388, 12025, 0, 1814, 1744522, 125415, 456120, 1090980, 920238, 0, 343825, 0, 13240, 0, 2529202, 877995, 10638, 455, 319200, 890820, 159393, 677448, 325252, 0, 152922, 13552, 2284640, 0, 20655, 1473300, 345588, 65408, 145244, 10, 494760, 229064, 300184, 373600, 0, 21900, 334572, 1278400, 0, 1639080, 491232, 132053, 2626704, 0, 0, 393336, 283296, 2493, 791152, 2073940, 0, 6966, 78980, 6522720, 0, 173400, 312721, 53319, 199472, 3564, 14724, 490820, 14556, 3464, 24, 1614592, 0, 25504, 4062618, 0, 1086508, 657, 6867, 254672, 33440, 28248, 354144, 276207, 31892, 979643, 0, 15456, 0, 993384, 1229039, 465345, 21726, 513611, 407664, 81720, 6645, 25872, 3112189, 407625, 5683688, 3018262, 49536, 120450, 933862, 169000, 13275, 0, 0, 1768, 453834, 0, 3131072, 0, 0, 2175536, 39990, 522000, 868840, 570294, 6450, 325600, 3182, 545061, 285720, 519173, 421311, 186, 186500, 343828, 8932, 685168, 560111, 898586, 0, 15288, 1196776, 0, 62160, 956992, 974080, 814278, 31184, 3198768, 2131892, 101061, 403641, 95, 0, 49392, 0, 277800, 73986, 114576, 15379960, 1427184, 126684, 10810, 187272, 822696, 167328, 2247, 4386852, 104058, 1311984, 1851866, 0, 2816720, 2268, 0, 15114, 37520, 28880, 9225, 0, 986264, 873120, 712080, 4122468, 356283, 28140, 3752, 0, 577877, 236, 3120356, 673620, 945252, 0, 37664, 0, 70266, 145550, 4616, 320320, 1926372, 6594980, 0, 67890, 2148, 60918, 324392, 24591, 6702592, 0, 108, 324508, 190550, 51136, 1611, 0, 103673, 1598280, 2884, 38825, 184140, 83296, 2634128, 4641909, 3534, 579484, 156735, 61467, 542124, 2711205, 0, 0, 8321160, 9670, 243505, 3837, 3953445, 101416, 3582, 0, 0, 621432, 51359, 0, 21566, 50490, 517188, 464744, 777, 969150, 438501, 44574, 686594, 0, 5450, 255680, 2169, 730, 13120, 286013, 2998000, 37530, 3011602, 251370, 2235385, 173664, 0, 233483, 0, 9217074, 26210, 0, 33930, 4672, 14076, 44625, 330992, 1579326, 29326, 79790, 1692, 22506930, 241824, 102049, 322796, 0, 47520, 1440, 6980, 163184, 225420, 0, 486540, 6149743, 2348, 3480392, 2684664, 3160, 2654127, 4520, 351568, 16575, 943776, 119897, 161804, 100326, 68595, 1125065, 12512, 0, 931104, 1010, 0, 103104, 266459, 565884, 4755, 1531699, 27219, 1270672, 20160, 0, 0, 0, 7392, 117520, 201858, 69254, 11492730, 35088, 1464, 24904, 380086, 256829, 256250, 6391, 0, 38324, 941760, 3217288, 3396, 2712564, 73280, 2240, 27489, 973104, 414125, 5017404, 26364, 8734806, 18564, 94692, 108300, 0, 1517410, 78350, 49995, 1444530, 8740710, 932472, 0, 660540, 62, 1275, 549, 39416, 0, 1048786, 2911154, 1349556, 52, 3905, 140692, 93828, 194315, 0, 2054, 85896, 37233, 1050, 143775, 37622, 35676, 40392, 3804, 0, 519, 7742511, 2192, 22480, 4594304, 2248253, 34510, 187565, 22825, 0, 350, 1537228, 880, 3156, 0, 7218, 4952, 0, 1044400, 10491278, 1380860, 26503, 89441, 1948, 2751, 2237965, 907074, 1168860, 131976, 0, 24312, 99650, 31356, 40200, 13101, 8010, 0, 74382, 876234, 0, 708, 249095, 2946, 58000, 1473390, 136860, 3108, 0, 0, 131560, 51720, 2072, 0, 61182, 41936, 1266843, 0, 375, 1809180, 212105, 895791, 9435, 0, 337821, 0, 2523181, 0, 657000, 14304, 111360, 406679, 3758756, 0, 5342, 277922, 0, 15120, 3698534, 11832, 1014, 3520, 10428, 16080, 305900, 372210, 0, 6710, 15792, 0, 41415, 0, 822096, 734272, 128070, 4096, 393470, 0, 261590, 0, 1392231, 0, 0, 42246240, 3428730, 209536, 1699170, 0, 6039, 422472, 1656895, 33165, 32235, 0, 336260, 0, 12467, 88537, 109140, 54, 73700, 52205, 156416, 0, 0, 398750, 159775, 27936, 33174, 0, 81152, 48013140, 62084, 199680, 11760, 144, 1481403, 7856, 2397, 358272, 367587, 667584, 62764, 0, 9794, 3995, 245127, 186318, 5724, 16340, 0, 0, 422, 6338133, 990250, 4434465, 36159, 0, 136530, 63304, 2080, 180885, 0, 6992, 40940, 1812, 5151, 69819, 0, 0, 50016, 3978, 182952, 87141, 5814, 5880, 2023, 0, 7209, 0, 2583, 0, 0, 477, 88110, 0, 0, 811188, 36766, 4170, 197370, 15097, 620378, 1974, 83283, 0, 235130, 0, 16896, 42, 1191, 316103, 81039, 5290245, 1140, 0, 1743, 58320, 95340, 2070, 386, 0, 5025, 36155, 5382, 508937, 0, 348292, 13461, 640458, 26840, 76, 584898, 0, 0, 8600, 266728, 101150, 38160, 0, 174372, 5886, 0, 240307, 0, 780, 150670, 0, 4669, 0, 36848, 0, 33046, 38048, 1154, 282, 63, 16, 4368, 31421, 787743, 50, 140666, 354, 747, 0, 38904, 216, 18784, 0, 0, 216810]